7.518656370084264573e-01 1.001155876102707669e-02 3.299682633361826489e-02 3.122023165433860520e-02 6.728234206713903931e-02 1.659450078753364061e-02 3.597369853831799275e-02 4.789424635278994452e-02 1.969964573540138875e-01 4.747494061956593348e-02 2.091327083287460309e-01 3.459227593287981378e-02 2.684126868681806222e-02 5.968638852213253160e-02 6.403180599842142606e-02 1.462166656368029394e-01 1.571132018589185830e-01 2.688477071419484790e-02 2.306513731885456442e-01 9.515042178574945053e-02 1.587180512782235264e-01 1.806370864296222289e-01 7.710785554717478930e-03 7.244524195556080459e-02 1.315379759348869748e-01 2.370263559208335424e-02 3.091001356266387390e-01 6.866078245476220365e-02 5.809185633988806635e-02 8.344046228133425447e-02 1.717615887034480981e-01 9.572164410002848012e-02 1.179243175839909674e-01 1.772227677217543262e-01 1.815455709272879026e-01 2.028093155598646724e-02 5.777569305348680823e-02 2.146084588958623307e-01 7.413986340223474580e-02 1.591588370127405838e-01 2.278735819258650985e-01 6.339045766793083292e-02 2.410951273855319321e-01 1.789297912200463747e-01 8.743740459025003964e-02 1.382575777301439379e-01 3.719990543881441375e-02 2.182783441095428323e-01 2.278735819258650985e-01 2.209264455232232693e-01 7.084794898676208263e-02 1.691138888101501592e-01 1.279203666257422989e-01 1.420021051706080450e-01 2.121426164799219416e-01 2.283588003421659351e-01 2.343859129947890030e-01 1.702788700217674756e-01 1.980687915966613810e-01 2.274420152948021523e-01 1.893481816852440047e-01 2.351767171906476300e-02 1.043313931703197806e-02 1.840614158188243199e-01 1.622337360353783564e-01 1.147664776280191284e-01 1.177716352125936783e-01 2.328838089493371899e-01 1.018429918374828963e-01 1.260558747223721188e-01 4.957060503382868660e-02 1.691138888101501592e-01 2.099554499479220626e-01 2.343859129947890030e-01 2.084091933407152264e-01 9.781531922156230796e-02 9.081200002631120705e-02 7.646198694064709755e-02 1.210456476989000274e-01 1.469863006162164254e-01 2.084727312662414400e-01 2.154090837123077695e-01 2.182783441095428323e-01 2.736398040569489321e-01 1.330206946165675974e-01 9.633260053988168536e-02 1.347838669779250487e-01 1.926076125783551529e-01 2.154166289662282907e-01 1.822252330250924979e-01 3.215570885862755190e-01 1.207027899047503627e-01 1.702788700217674756e-01 1.438210098063578690e-01 1.394288325643654458e-01 2.121426164799219416e-01 1.718894272680838720e-01 1.222490465119571851e-01 2.447331648648287672e-01 1.141017499989131767e-01 2.378211148992255830e-01 1.598656330030303330e-01 2.393961400182610944e-01 1.561957477893498314e-01 2.219214147812316740e-01 9.802490534971382286e-02 1.188671361573157698e-01 1.772726616957143730e-01 2.328838089493371899e-01 1.598656330030303330e-01 1.032764982398685361e-01 2.154166289662282907e-01 2.245995694395587494e-01 1.078225799280322778e-01 1.752599060063658731e-01 1.912155544566564447e-01 2.413080058930294758e-01 1.911248938966745303e-01 2.086902796936858651e-01 2.224124029075588704e-01 2.154090837123077695e-01 1.702788700217674756e-01 1.717615887034480981e-01 1.926076125783551529e-01 1.820020878514602147e-01 2.487148466297311455e-01 2.036800526702137737e-01 2.061869430812648674e-01 3.152358632562596297e-01 9.551411702308096330e-02 2.029521307526709617e-01 1.598656330030303330e-01 1.752599060063658731e-01 9.929990609220053221e-02
1.001155876102707669e-02 9.726786227710030319e-01 1.145474120607257035e-01 1.947920772097346265e-01 1.265662339521006485e-01 1.499344963063186653e-01 1.893522107508832930e-01 1.596803014470708215e-01 5.319111110935218628e-02 1.472909563887407902e-01 6.696134231296739514e-02 1.778904211095543308e-01 2.557072042903587028e-01 1.933947567935463685e-01 1.448919793977192505e-01 9.563058945670149802e-02 5.475288580211247480e-02 1.303549746794862019e-01 2.248202926275218172e-01 1.319471356697774489e-01 8.757610290013415066e-02 7.204644543839439086e-02 2.085844074199984521e-01 1.272013148914281078e-01 6.827887851830305443e-02 1.350972903617983223e-01 5.218407785871520543e-02 1.301695706458618484e-01 1.078126967974240985e-01 1.472909563887407902e-01 8.174000095631916984e-02 1.584430847259429564e-01 1.449243359589390268e-01 4.611516091445150289e-02 5.327148236885129173e-02 1.471204514052034673e-01 9.679468237361328609e-02 4.103006428369920106e-02 1.512547191076740183e-01 1.217440991551081431e-01 2.956478465381454784e-02 1.336793606737889661e-01 4.806859444206645904e-02 6.478528185997664557e-02 1.109122544973703134e-01 9.887220924483386408e-02 1.484480140527180136e-01 5.503065150467734840e-02 5.148543039166320751e-02 7.197503882382148832e-02 1.008401323769339275e-01 2.157789513216763072e-02 8.736391358774017735e-02 6.673370198175723744e-02 3.358393091716892209e-02 7.926409188842876985e-02 4.334782199041323225e-02 6.626240721377814336e-02 7.409557226845309152e-02 4.814582343497101485e-02 6.832925598211517237e-02 1.687338194174078376e-01 1.642761928376820224e-01 5.906889861262702018e-02 8.480057762240858499e-02 1.179986376098055290e-01 6.303051679668719709e-02 4.600639539211529017e-02 1.225919747054856346e-01 1.097322883765449036e-01 1.470101736165997097e-01 8.226541478461782408e-02 4.050181335538307476e-02 4.334782199041323225e-02 5.639108099380044092e-02 9.281901088925795240e-02 6.580103677244249216e-02 1.148902134276448134e-01 1.042497069925904518e-01 2.081142545182422532e-02 5.749480099013551393e-02 3.362794378357503167e-02 5.503065150467734840e-02 1.267857112770326596e-02 5.837343705745898920e-02 8.616975725149031429e-02 9.199498517696345912e-02 6.814306581949522434e-02 5.575558303764423240e-02 1.929936865807307597e-02 3.695230882923181831e-02 8.678932637177699805e-02 8.012810553642087108e-02 9.580466787957100938e-02 7.573111587960222602e-02 4.288281462541192190e-02 7.387852013479220825e-02 1.005426273926441211e-01 3.511245305982301640e-02 7.517067829765239351e-02 1.508295990030376031e-02 7.908447646665486830e-02 4.883040337436768408e-02 5.579428712864095696e-02 2.549033538232505641e-02 8.243199620572534692e-02 1.048352987695554128e-01 7.904805698524387803e-02 5.696801177561765933e-02 3.407709301114753703e-02 8.869648132433850807e-02 2.785896578459054473e-02 4.791392521273418054e-02 7.891304131542860312e-02 8.935032875420825804e-02 1.727306876483013579e-02 3.650190696044084554e-02 6.653117039959692558e-02 8.216820974933457256e-02 4.553292394270532645e-02 3.362794378357503167e-02 8.706340345554661186e-02 4.708803845054002069e-02 4.430567747487491881e-02 2.630323079007819420e-02 4.758546985849923527e-02 6.005711593472477794e-02 1.170407015784511867e-01 2.501501942729077860e-02 1.357276637550854648e-01 4.720171625090351097e-02 5.335747377679308373e-02 6.079238517004949272e-02 7.305887406905167691e-02
3.299682633361826489e-02 1.145474120607257035e-01 8.769389797595734670e-01 1.072895156169676872e-01 1.008318522994122446e-01 7.663360223617848854e-02 8.155399003535560021e-02 1.041313430661834905e-01 6.432227066490987799e-02 9.785211262195872561e-02 4.295038718564710145e-02 1.093413716703869609e-01 1.094125465527509417e-01 8.574856678379481900e-02 1.127141095975163765e-01 7.681616236765267947e-02 7.016267639349518803e-02 1.038280554353677165e-01 8.980759385835204722e-02 8.756591938628210947e-02 4.133343672551513526e-02 6.687838946339572099e-02 1.018871655071164617e-01 7.097488276954677655e-02 4.236614353676512040e-02 8.315400356652702385e-02 4.932737775305699041e-02 9.005538578209770773e-02 5.194204800305388114e-02 8.589543502159374677e-02 8.591223328319874675e-02 1.092112883169419346e-01 6.743076950432504157e-02 5.556221517623073647e-02 6.045569489233493937e-02 9.609680735053463541e-02 7.133404430158393761e-02 4.265966445404593965e-02 9.422073907224773337e-02 8.095425844895623446e-02 3.910746584440762813e-02 8.743776942950329256e-02 1.102230621783219511e-01 1.051335148389604957e-01 1.025846292019357842e-01 9.763765176580675720e-02 9.206547872558867862e-02 8.445655702043715352e-02 7.877424599203038114e-02 7.727068929705677158e-02 5.541267000078100441e-02 4.656057406812735833e-02 9.418571002709900941e-02 5.916031430636917859e-02 6.633449226610017846e-02 5.133912749893552313e-02 5.986162909214354927e-02 5.981199783450351359e-02 4.856366673122750749e-02 1.044640140053193084e-01 9.811812475989545312e-02 8.002023279738509909e-02 9.266785349827968976e-02 7.867130336870202523e-02 5.085330024480892025e-02 7.242055321114104771e-02 7.380135876900868752e-02 1.093938129772694251e-01 9.162102157221838072e-02 8.224524348214221070e-02 6.884873471992591920e-02 6.795494742250682285e-02 1.694265547333406452e-01 8.176994091883381388e-02 7.063672148610986024e-02 8.678279780605541172e-02 1.531172870158025168e-01 8.623939021639767666e-02 6.558496254372175871e-02 6.841454365034159435e-02 4.198255115753601885e-02 4.153011588665688619e-02 6.817799741416905035e-02 3.410587875386347084e-02 4.613261083267937435e-02 5.223981069968051255e-02 6.400404068632356558e-02 9.529606408943359919e-02 2.116697632844221633e-01 4.232636850152942526e-02 3.567662772485470646e-02 9.086508694274410269e-02 9.343199198606937095e-02 7.002836408287153869e-02 6.849381485190381147e-02 6.633449226610017846e-02 6.254342555886864552e-02 7.004648156557864713e-02 5.490560181054066069e-02 6.447486503379118439e-02 5.414281682066325596e-02 1.557217429099062023e-01 6.512058507206919256e-02 5.648214532554051565e-02 6.465335630614242601e-02 1.978003028192006629e-01 6.912438175313329047e-02 9.122626081520454622e-02 7.378752790806014650e-02 4.553997515068274049e-02 6.328445010385086444e-02 5.964108032595352715e-02 8.829002730710716618e-02 5.476202404272355329e-02 4.966602279765957445e-02 2.110175063786552674e-02 7.349630142239348130e-02 7.853951563379216183e-02 4.169652489647440036e-02 8.693594447939999303e-02 7.732038697174754838e-02 7.094061095648694637e-02 5.252213903141234735e-02 8.230598292970640883e-02 5.336906374939093256e-02 5.965873401264308595e-02 3.643756891654875013e-02 3.364468711675432794e-02 3.497904367622024085e-02 9.040073262707856716e-02 3.742239759392668869e-02 6.580863906075801184e-02 9.580702110374297864e-02 4.244907351476319424e-02
3.122023165433860520e-02 1.947920772097346265e-01 1.072895156169676872e-01 9.561994440946923746e-01 1.398365939122475088e-01 1.586253349326493534e-01 1.655786598829958323e-01 1.536005729459226643e-01 4.002442298152967398e-02 1.909141092034140619e-01 6.306730232260356062e-02 2.090035074881981259e-01 4.329914701096173602e-01 1.918947874926394404e-01 2.542672729770547591e-01 8.735972063884267502e-02 5.631696061808753873e-02 1.005181079507375674e-01 1.945543767523352230e-01 1.450182465958871070e-01 9.174511974827823102e-02 8.031177793801186349e-02 2.141177435146575658e-01 1.524205694013577861e-01 7.047141827346632692e-02 1.364031771334766330e-01 4.426608175893466390e-02 1.505306572691913480e-01 1.157484545725477459e-01 1.045476383020352701e-01 1.001801313974987062e-01 1.300496558388356538e-01 1.333297894171354692e-01 3.942356838245199280e-02 4.870677332254882974e-02 1.488600121295726719e-01 9.058770177540023671e-02 2.159209445368855812e-02 1.706583879630451939e-01 8.805502509433921210e-02 2.937157536630460170e-02 8.156132497538380599e-02 1.029610510263137546e-01 6.922863989615939129e-02 1.331559295189275183e-01 6.967441172492803980e-02 1.089631618335748509e-01 5.521446606468230489e-02 8.257747551683812526e-02 4.295688726115899636e-02 1.120987158439025189e-01 3.773906251627001662e-02 1.372407793383857710e-01 1.249565987690149510e-01 7.542395311775659805e-02 7.145604263589198923e-02 4.450477173203863657e-02 8.130951914123819846e-02 8.631781125397117171e-02 7.874470228975988251e-02 9.640785911164231892e-02 1.924555261353282642e-01 1.169902958272985433e-01 7.764174543952974406e-02 8.902892574512244472e-02 1.287805822452665616e-01 9.944771533475718628e-02 1.300420040119585618e-01 1.787505642459806254e-01 1.086068586614525322e-01 1.291186999240322431e-01 9.858321522775913281e-02 4.556804880267710522e-02 7.994474327586138795e-02 4.032068763269500145e-02 7.286661161629365280e-02 4.409699407124467729e-02 1.387499631398120548e-01 9.615472193345295238e-02 4.982128974326353182e-02 6.209946629449248495e-02 3.799597212144131125e-02 5.274929107551616647e-02 1.174520713641525466e-02 8.046942129052112036e-02 6.910014432037941967e-02 7.155099305490142392e-02 1.246466067966216645e-01 5.946011067518035265e-02 4.068148055254757617e-02 2.594073724675167655e-02 1.025419263758010485e-01 6.623494207726957073e-02 9.977219869165446231e-02 5.284663771006167104e-02 6.127319627197786583e-02 9.158915231553491076e-02 2.347699519619559083e-01 5.312900713126100100e-02 8.430627884172758879e-02 4.721474902192270701e-02 1.070413391294084415e-01 3.624016811859369358e-02 6.276756858434152930e-02 4.270061317048788607e-02 8.045440244763990556e-02 1.321619053849174552e-01 6.575100948050083272e-02 1.420341867112111800e-01 4.424813550144832824e-02 1.192418882557076676e-01 3.919174264353311732e-02 6.690806679361481490e-02 8.838080190086575194e-02 2.047374703325272327e-01 2.895258831385972079e-02 5.844010138656469122e-02 9.056759391224394884e-02 3.146218190498373257e-02 3.562749699626859001e-02 2.601193948861613495e-02 1.128721522839004621e-01 5.495398009277253221e-02 2.513320375280088045e-02 4.796702089112587358e-02 4.009563906350591816e-02 7.147066157444209589e-02 2.331832290187386969e-02 2.482314942442271841e-02 1.328108981474443451e-01 6.284355301302049779e-02 7.209406231955903244e-02 6.765903276944269795e-02 1.017354361932996387e-01
6.728234206713903931e-02 1.265662339521006485e-01 1.008318522994122446e-01 1.398365939122475088e-01 8.359088646795858057e-01 1.416170678707120434e-01 1.251498656458763792e-01 2.508838050654559892e-01 6.707156293304010475e-02 1.162744900520546187e-01 1.350258279221985824e-01 1.297301973869206815e-01 1.414959339596714161e-01 1.270075560091058764e-01 1.687313621690869903e-01 1.119573605605051758e-01 6.903863414029780265e-02 1.474891699184713578e-01 1.292742634310523331e-01 1.746217243905207051e-01 1.061005190813145982e-01 8.387927034781002267e-02 1.313742626993074647e-01 1.312158544972068797e-01 1.146503937607033230e-01 1.218543752871004693e-01 8.400932037133167218e-02 1.552418907155769523e-01 1.229659056378728521e-01 1.088448011867859389e-01 1.893257600368746241e-01 1.654783706756632611e-01 1.213239757819214726e-01 7.285952501844349116e-02 4.392423889020066752e-02 1.484552774160947941e-01 9.247444476759748844e-02 1.406633265878111105e-01 1.611924807211743971e-01 1.261622495899422380e-01 1.175210565672736851e-01 9.883668775090542757e-02 1.616517999379710468e-01 1.369479744258720877e-01 2.081168508844185583e-01 1.290780618456559559e-01 1.269399890455428781e-01 1.074300398590721239e-01 9.649449242152602357e-02 1.032481352334750219e-01 2.410214046184773751e-01 8.806690267748307210e-02 9.739968926932564275e-02 1.002490426816070868e-01 1.242755135852575965e-01 1.417007413524818404e-01 7.258993252157824871e-02 1.390940168387738152e-01 1.489796342598158629e-01 1.320526876709215980e-01 1.609211026526968791e-01 1.328041126825191820e-01 7.924422936417388486e-02 1.040889296968604411e-01 1.507327948950929475e-01 1.861375398016646143e-01 1.258322027588742731e-01 1.563465922255747598e-01 1.823145871671724427e-01 1.034568138645258900e-01 8.179034561104697731e-02 1.307848887719913200e-01 9.863543361434602696e-02 1.769061845139532907e-01 2.157734234764205894e-01 1.509834251831417840e-01 7.089907102054331112e-02 1.159522574303874509e-01 1.569597948090140083e-01 8.090898286667147499e-02 1.346358572245200114e-01 1.232441833599793451e-01 8.626183411282209446e-02 6.663742607262036766e-02 9.474881865105340417e-02 7.621738347708952033e-02 9.369887554406657049e-02 1.082667299084523749e-01 1.329491690197993070e-01 1.173249499560932857e-01 6.741229208818544372e-02 1.290114039412451619e-01 1.240573085179204477e-01 1.246739727062686764e-01 8.451586974961225462e-02 1.044178652701305138e-01 1.407553457235966032e-01 1.240342275289392365e-01 1.343020184202471934e-01 1.051142373820466852e-01 9.108166480063772941e-02 1.253988530187640782e-01 1.041308946736905217e-01 1.157018182003695245e-01 8.079082668164788705e-02 1.020055072987061939e-01 1.683556227491583290e-01 8.565301070215702861e-02 1.799272056263686304e-01 2.557041396903945718e-01 8.875655762863149389e-02 2.015980140975292545e-01 1.343580962871434858e-01 1.018096011501982145e-01 1.272509396074775201e-01 8.237289504819811370e-02 9.748606102148767161e-02 1.737947527905109868e-01 8.801751825875406277e-02 8.819995155241232287e-02 7.629497139328202115e-02 1.854111568742645433e-01 9.384228034355890369e-02 1.843292872423295259e-01 1.007348009502646857e-01 9.764572858729979321e-02 1.361971055879456771e-01 8.135754436219926056e-02 8.702149496027328235e-02 2.682346420479395643e-01 1.299075515034081585e-01 8.502314669215177423e-02 1.118976256819965015e-01 9.632537357662093735e-02
1.659450078753364061e-02 1.499344963063186653e-01 7.663360223617848854e-02 1.586253349326493534e-01 1.416170678707120434e-01 9.198983643181016800e-01 1.505898201332566411e-01 1.442541499924559212e-01 5.277736042266317762e-02 1.309266546662073982e-01 2.747767735533988565e-01 1.394372826085282790e-01 1.861723789426453224e-01 1.788149721629334332e-01 1.729017656399360336e-01 1.033490817256392802e-01 1.147961759175598478e-01 3.072714585623449457e-01 1.481199736180702220e-01 1.393213683799714719e-01 1.009745714472745637e-01 6.543428937090388364e-02 1.646999508694840242e-01 1.232921781392619098e-01 8.395212834750914732e-02 1.291352488579732283e-01 4.362288201936241616e-02 1.504119844589541510e-01 1.014419456502418104e-01 1.258111323501009682e-01 8.369688909312388014e-02 1.491946174960843696e-01 1.040440492934010530e-01 2.983107335586400455e-02 3.692773394780018287e-02 1.527132645943741207e-01 8.309912707685085387e-02 5.475800545062138591e-02 1.466226640100503076e-01 7.627061118935997419e-02 3.714473727895493266e-02 9.385545063643215002e-02 8.290978283337990806e-02 1.912647815661497330e-01 1.216876101849197894e-01 9.954292644048981509e-02 1.101884200353482612e-01 4.971593916621627751e-02 7.251839292847486740e-02 6.461659461182933661e-02 1.262918367811069198e-01 5.207576954810599207e-02 8.261444231413112016e-02 9.174880706959140375e-02 4.854537334461576231e-02 6.984943085437766985e-02 5.535260882263931537e-02 1.517803938753550241e-01 9.383175550383172914e-02 7.762452117933635320e-02 1.047555016434839892e-01 1.469943077482840643e-01 1.165949780124891783e-01 6.587503539518334283e-02 8.895832929309969994e-02 1.461263760166529313e-01 1.074631286483760939e-01 9.747836344295211786e-02 1.333744205340354205e-01 7.721766690027352664e-02 7.817270251618813059e-02 7.802560754865831005e-02 4.381550213277939088e-02 9.261082761524892792e-02 6.317706882428801574e-02 1.223374889278744937e-01 5.347686204969052948e-02 1.133283036048611525e-01 1.007689256170948011e-01 5.700689837972520296e-02 6.473006004066811370e-02 6.524298183123329598e-02 3.675369080668625804e-02 1.831621928790384130e-02 6.515686629536432406e-02 4.924289355712993532e-02 6.225773313800191805e-02 7.212204536487777651e-02 7.971636647658068842e-02 3.974624190058406725e-02 4.850723138006559493e-02 7.923802470424054500e-02 5.368705344979807920e-02 7.370541619203940797e-02 9.009884117674779591e-02 1.810597551901779734e-01 1.097059702237105083e-01 6.304269371066871519e-02 1.648501468921979851e-01 8.578261918118224028e-02 3.749178916891134777e-02 1.003873605825780640e-01 4.363391786006048240e-02 1.388608067386704059e-01 4.057298693647321680e-02 1.004875705710879530e-01 1.179670386782166736e-01 9.741343022232384907e-02 9.747836344295211786e-02 6.726810390093455883e-02 7.458438158018869391e-02 4.355853615575622229e-02 5.122190112424408054e-02 6.405550466596306169e-02 6.390301036778252286e-02 3.939943549912586912e-02 5.045660963568490004e-02 8.957314902141276514e-02 2.639420253167877595e-02 6.085166309254840672e-02 5.091705123152888424e-02 1.166311056121173140e-01 3.034956381514464230e-02 5.157418575923858328e-02 7.706516960416159856e-02 6.271197228368269316e-02 6.496290478073846186e-02 1.932243860268290786e-02 4.573315033812468816e-02 1.307496782345825004e-01 6.808515876627582730e-02 5.086310175902071518e-02 6.390301036778252286e-02 6.874935668316906057e-02
3.597369853831799275e-02 1.893522107508832930e-01 8.155399003535560021e-02 1.655786598829958323e-01 1.251498656458763792e-01 1.505898201332566411e-01 9.456688089225544491e-01 1.454651158320266757e-01 5.321290145033136243e-02 1.391371070048458003e-01 6.697849020026905298e-02 1.258874135978537423e-01 2.126498130705218870e-01 1.851754096546490702e-01 1.306397348075459819e-01 9.409998548643264127e-02 9.134073735281766915e-02 1.418901365513768331e-01 1.768386756393736658e-01 1.142596580525910288e-01 7.007921411308788706e-02 7.179821944815954760e-02 1.510890409232753528e-01 9.502168081312650783e-02 5.771697106391250609e-02 9.753758018695901644e-02 4.941798697296832799e-02 1.141646977914263783e-01 1.007711440216250143e-01 1.021359309985160058e-01 6.969150351019579026e-02 1.271947267013470717e-01 9.227354928616121610e-02 2.040384396862534450e-02 2.049458218315269170e-02 1.358822183504618253e-01 6.292105412869680725e-02 3.649557867906405573e-02 1.214257832063278808e-01 1.015126528675484308e-01 3.378353440545591585e-02 1.019712258677690775e-01 5.534370855816678203e-02 7.385836122556017902e-02 1.017783509530839209e-01 7.864076295727415178e-02 1.188530107442791611e-01 4.048847536899120858e-02 3.378353440545591585e-02 4.791824935162826427e-02 8.088583271325128221e-02 2.440182247025664969e-02 5.388140728265533586e-02 4.841398679431829777e-02 1.742262915871699291e-02 4.585236101967356953e-02 6.402074619245458342e-02 5.224330095433417365e-02 7.525256925209766745e-02 5.645634432359841054e-02 7.816329765786055039e-02 1.354639530963561989e-01 1.058379699876670493e-01 5.056810812911244346e-02 6.664562429975259827e-02 1.202205437206937955e-01 9.477771438110070557e-02 5.187532665008146027e-02 9.741907666381875719e-02 6.123655811926348447e-02 1.196842053543095002e-01 6.276723332217933049e-02 2.569496554127861931e-02 6.402074619245458342e-02 7.643121456711744754e-02 1.153573870131645307e-01 5.214990759015621785e-02 7.541147623716418225e-02 8.613523514594134678e-02 1.641563105792195540e-02 4.542509028304117513e-02 4.115736603726586479e-02 4.048847536899120858e-02 1.533480028091117886e-02 5.280800116606548800e-02 5.678108182860538283e-02 1.096951935563781899e-01 8.757590896728045804e-02 4.231241872319154579e-02 5.603675331536790705e-02 1.761515275072436312e-02 4.818683460736429558e-02 6.015561557697945982e-02 9.559287087797378735e-02 8.888983058747464139e-02 4.941798697296832799e-02 6.876368468993038219e-02 6.336725767923752362e-02 4.106919424022616866e-02 6.031784264957689573e-02 3.478929618816645891e-02 6.771147468815001680e-02 6.950332757640902137e-02 5.638950797272631460e-02 4.616325958436640758e-02 8.559343628993903996e-02 9.351016356606380031e-02 8.847224055911116769e-02 6.449743402930849245e-02 4.575550786696667982e-02 9.272495979051174897e-02 2.099413433764601641e-02 4.282124008719798147e-02 5.902384495739722986e-02 4.539355874933410917e-02 3.146051679833163084e-02 3.236000587929144245e-02 7.681909028460223721e-02 6.912894868156624351e-02 4.044023881716913432e-02 2.853525865803882913e-02 8.396502512021444820e-02 3.806348113077159812e-02 4.198467829871801310e-02 1.173467030012500384e-01 6.511788160946166415e-02 1.207974638602752754e-01 3.736204313810116695e-02 6.350956277786465320e-02 9.596305301553405276e-02 6.724184982422051760e-02 6.038240466265346051e-02 4.539355874933410917e-02 6.571435194974464822e-02
4.789424635278994452e-02 1.596803014470708215e-01 1.041313430661834905e-01 1.536005729459226643e-01 2.508838050654559892e-01 1.442541499924559212e-01 1.454651158320266757e-01 9.188892489360760418e-01 5.322551567970979641e-02 1.355928156733770540e-01 8.899630711363203106e-02 1.824040744464991426e-01 1.883736320075164450e-01 1.362586642578957064e-01 1.458327543463522891e-01 9.527751430018546741e-02 8.644508338837972317e-02 1.060150933798545136e-01 1.670020318270790671e-01 1.193485617270791666e-01 1.001697844372923529e-01 7.652034759111164819e-02 1.712624158267809782e-01 1.486295852890007485e-01 8.179062243112109054e-02 1.145508309930962088e-01 4.994708666192777119e-02 1.351427322058156855e-01 9.062067541892676603e-02 1.050681481506306747e-01 9.726213574005403151e-02 1.146430661058125966e-01 8.882497647411374819e-02 2.805622578486077767e-02 3.516076714027999151e-02 1.168080229359255706e-01 9.785761715266907967e-02 6.731840934800915888e-02 1.615932276045209948e-01 1.104084732659033063e-01 3.002705836626624186e-02 1.108120114466338429e-01 8.073024676366831465e-02 7.750423742499384927e-02 1.183208512001681922e-01 9.620034063277924097e-02 1.073874824848335408e-01 5.150382913858213979e-02 7.524750329854502928e-02 6.013800866869654926e-02 2.413026934035745752e-01 5.820899654400973899e-02 7.615392408436573446e-02 1.122674030019472913e-01 5.126508683773073338e-02 9.318346124533079256e-02 6.262815770238763791e-02 8.411666473895096363e-02 1.012702601683423131e-01 7.408496887862342506e-02 9.982322067008402022e-02 1.707019640445318065e-01 1.068952705290427407e-01 6.270093954656885682e-02 9.399313570856406008e-02 1.565589216848118082e-01 1.086420624243540078e-01 8.940035802098778017e-02 9.679886471068355203e-02 6.542462635420437378e-02 9.365734651489963924e-02 9.292677000586621605e-02 5.722261134270335142e-02 1.097743561646970928e-01 1.432549277229197560e-01 9.103785521689636284e-02 5.379372511152285402e-02 1.328127773427788261e-01 1.178414043717817827e-01 5.639305465588419913e-02 8.950931345584876853e-02 3.700972045005346961e-02 6.452885802616283029e-02 2.397082171613932472e-02 7.858261271779670709e-02 8.055765098541912972e-02 8.398042398353119942e-02 1.168689393343338850e-01 8.465712376376709203e-02 5.046912936765555330e-02 5.486720705814164545e-02 8.178399693117047176e-02 6.619673152523374016e-02 9.806595332259449016e-02 7.875770544919449834e-02 7.545778181633931714e-02 9.311607611870903467e-02 1.116750662053938858e-01 7.879792990173233036e-02 1.052630803087986622e-01 7.153090481624053976e-02 1.153910664103604683e-01 6.845580376456994465e-02 9.676014554645442911e-02 4.098270676300570792e-02 1.112861519514500852e-01 1.175242359255536106e-01 7.053291557287567903e-02 1.180929388801575525e-01 2.038975598032174985e-01 1.074309182690762893e-01 1.919377843962723484e-01 9.474074221028704057e-02 9.650941496601586622e-02 1.043388951365506467e-01 3.977463504813657375e-02 5.533801877376458289e-02 1.022865577212191818e-01 4.566313736601225470e-02 3.801579786730076294e-02 2.267997958861753607e-02 1.112231276236472777e-01 8.382268935016687350e-02 1.307288861952475567e-01 6.839078189785735562e-02 3.434647729014771861e-02 8.312860705489887037e-02 3.686814561955267106e-02 3.901816287175128434e-02 2.489318481346613487e-01 6.861696429044136791e-02 8.210544997912085086e-02 9.501704766352415954e-02 7.578800204390774564e-02
1.969964573540138875e-01 5.319111110935218628e-02 6.432227066490987799e-02 4.002442298152967398e-02 6.707156293304010475e-02 5.277736042266317762e-02 5.321290145033136243e-02 5.322551567970979641e-02 7.630478349367209034e-01 9.609631464156222214e-02 1.697393054927953948e-01 6.636308336905823169e-02 4.683606353879510992e-02 4.064461746308234424e-02 1.146071585218071121e-01 1.417243742751307101e-01 1.387452580416666248e-01 5.640701021667469950e-02 3.468196603428984337e-02 1.423584618480545350e-01 1.873618059755563781e-01 1.298271816515706445e-01 1.789635150091502605e-02 9.387867360960097662e-02 1.338750280711256679e-01 5.416964876239827725e-02 2.205991704569424949e-01 8.968683320383608049e-02 8.574074842816949149e-02 7.988168693875775939e-02 1.377958148889654455e-01 1.298284493155153485e-01 5.927725637749812343e-02 1.377958148889654455e-01 1.085811494853426984e-01 4.959445511801423984e-02 7.522385082916741017e-02 1.748709300915733400e-01 7.080190841103996269e-02 1.720061543929226888e-01 1.801576959579930248e-01 8.385483925200862276e-02 1.912155544566564447e-01 1.798180205637048834e-01 1.081099888224345412e-01 1.720061543929226888e-01 6.636308336905823169e-02 2.297276431279563491e-01 1.801576959579930248e-01 1.916697553246854979e-01 7.053003823630037139e-02 1.337521674232456104e-01 1.541707206877680203e-01 1.417243742751307101e-01 1.697393054927953948e-01 1.697393054927953948e-01 2.534165669214384908e-01 1.377958148889654455e-01 1.981209459340590728e-01 2.534165669214384908e-01 1.506751472757793531e-01 3.661888968547418605e-02 3.273113290946275816e-02 1.462535530646661974e-01 1.298271816515706445e-01 1.352101158017988136e-01 9.081200002631120705e-02 1.801576959579930248e-01 1.776468735168959812e-01 1.164363904441978043e-01 2.020843509775591129e-02 1.690811620973764196e-01 2.205991704569424949e-01 1.856042933831040520e-01 2.205991704569424949e-01 1.457544571394377431e-01 9.892693948222965050e-02 9.833358117148030542e-02 1.164363904441978043e-01 1.152457273167060842e-01 1.697393054927953948e-01 1.801576959579930248e-01 1.748709300915733400e-01 1.856042933831040520e-01 1.338750280711256679e-01 1.457544571394377431e-01 1.301495466497467057e-01 1.981209459340590728e-01 1.697393054927953948e-01 1.462535530646661974e-01 1.801576959579930248e-01 1.230658400733496416e-01 1.377958148889654455e-01 1.055510120302841914e-01 1.214257493603791982e-01 1.697393054927953948e-01 1.743263109911406261e-01 1.230658400733496416e-01 1.969964573540138875e-01 9.081200002631120705e-02 1.912155544566564447e-01 1.592405839947488022e-01 1.856042933831040520e-01 1.592405839947488022e-01 1.856042933831040520e-01 9.378829753708112227e-02 1.196967760171545464e-01 1.528953267382422987e-01 2.403267505912363433e-01 1.592405839947488022e-01 1.696415695176366478e-01 1.697393054927953948e-01 1.801576959579930248e-01 1.102241971933275999e-01 1.798180205637048834e-01 1.599234030828991793e-01 1.697393054927953948e-01 1.981209459340590728e-01 1.599234030828991793e-01 2.403267505912363433e-01 2.403267505912363433e-01 1.743263109911406261e-01 1.377958148889654455e-01 1.552304168401272555e-01 1.462535530646661974e-01 1.647582695081969972e-01 2.050125977402749156e-01 1.647582695081969972e-01 1.748709300915733400e-01 1.358912579268208853e-01 2.205991704569424949e-01 1.260173754213164965e-01 1.798180205637048834e-01 8.304961880952363429e-02
4.747494061956593348e-02 1.472909563887407902e-01 9.785211262195872561e-02 1.909141092034140619e-01 1.162744900520546187e-01 1.309266546662073982e-01 1.391371070048458003e-01 1.355928156733770540e-01 9.609631464156222214e-02 8.580678263431320563e-01 9.220331023979415341e-02 1.745239188415388942e-01 2.308671666344787043e-01 1.537395321787922708e-01 2.092833768550933504e-01 1.245733317727866774e-01 5.598415145978206248e-02 1.051347517153046196e-01 1.248443562557440545e-01 1.851608501133843177e-01 1.326537175656207213e-01 1.285063604918868507e-01 1.445133020961850423e-01 1.795302448879187163e-01 1.270454707139144768e-01 1.264882771100813985e-01 6.412551065986013543e-02 1.676302756031267105e-01 1.597729002606573800e-01 1.519208432198011216e-01 1.183359904272062169e-01 1.774585124214628495e-01 1.128080158147323486e-01 6.936790962723959897e-02 7.385850364530810452e-02 1.078505427740508726e-01 1.122495572462517410e-01 5.898205308488656262e-02 1.648063065529742632e-01 1.277941484659793070e-01 5.286948264623236166e-02 8.515859358336871909e-02 1.703072036934299427e-01 1.138287718936616399e-01 1.621091332449734190e-01 9.642373012118679587e-02 1.276660631743239960e-01 1.159847656323325649e-01 1.547350153679953599e-01 6.709191159208982569e-02 1.107225304152574530e-01 6.068803346632516138e-02 1.217241748557917752e-01 1.205070147815330978e-01 1.477732444123131816e-01 1.332332111147354892e-01 9.888463939421604509e-02 1.144213872645961361e-01 1.207325453387406156e-01 1.497209268090134993e-01 1.345783913322307623e-01 1.445481921449247864e-01 1.085366092802965698e-01 1.097594414898223902e-01 1.500366517480258011e-01 1.416195564666666018e-01 1.563687628975653776e-01 1.592174563994459557e-01 3.027407847545531272e-01 1.350844505770018855e-01 1.378842570791083411e-01 1.631104522678046287e-01 7.875162390287449021e-02 1.018491630409103232e-01 7.215655789202210513e-02 1.030456775544453391e-01 5.684033838841068276e-02 2.336064135148628595e-01 1.164472375382624297e-01 6.761576773645969207e-02 9.181333954211561010e-02 5.490164231256147026e-02 8.682970149119156877e-02 4.797547245776077190e-02 1.099957597018687699e-01 9.044762364076723571e-02 1.177471251742439884e-01 1.120902881918183491e-01 1.101840297950519021e-01 8.241831618132983150e-02 8.920896481406653811e-02 1.181923531053075405e-01 1.016660215409250362e-01 1.485834662263369743e-01 7.969194905124725448e-02 1.015103743605101777e-01 1.819249311918238188e-01 1.796049486395156491e-01 7.297898122027296486e-02 1.269236095508033402e-01 1.251896980382999347e-01 1.049846756306261203e-01 8.182104927045323606e-02 9.528764081223155269e-02 1.037171399132622157e-01 8.994407146772930017e-02 2.118984081849925316e-01 6.205679861760315941e-02 1.592174563994459557e-01 7.049117841226355818e-02 1.366771510683695845e-01 7.635545915761471347e-02 1.096175097128653797e-01 1.327455875428564247e-01 1.383160311206658721e-01 6.119372502667142638e-02 7.472092179674025281e-02 1.130757928408296781e-01 5.441971477244199329e-02 8.682796354403768402e-02 7.492298338490738230e-02 1.783190365945663824e-01 9.294505665725072419e-02 5.907970261423586833e-02 5.508185718576801698e-02 4.392423889020066752e-02 1.251709548115537418e-01 7.808830799983595972e-02 4.827054300448228169e-02 1.656201758222958231e-01 1.011708354772102442e-01 9.338546320885701690e-02 1.306185999141849241e-01 9.652542447681772275e-02
2.091327083287460309e-01 6.696134231296739514e-02 4.295038718564710145e-02 6.306730232260356062e-02 1.350258279221985824e-01 2.747767735533988565e-01 6.697849020026905298e-02 8.899630711363203106e-02 1.697393054927953948e-01 9.220331023979415341e-02 7.611865548719346508e-01 9.040893994015493373e-02 6.681001433213232255e-02 6.801275444973885198e-02 9.576781980286830365e-02 1.604258843206353424e-01 9.927517995310353172e-02 1.664458884806699623e-01 4.394118093164095518e-02 1.327616553988294479e-01 1.737905983245481845e-01 1.587302619702881945e-01 5.794809088185139123e-02 9.765362224556367599e-02 1.561369191721510841e-01 6.052979896031097234e-02 2.395902579670615429e-01 1.142290783713432734e-01 8.958098725729959910e-02 7.522699143794295273e-02 2.014011471028877842e-01 1.307197121259126293e-01 9.080854217488276703e-02 1.553808167936038820e-01 1.203269968888569935e-01 5.637789810621345044e-02 6.725024217570982343e-02 1.974235438105493290e-01 6.796296568662499316e-02 1.719848735492187086e-01 1.990233987015632700e-01 5.704838725302815994e-02 2.295857131274148810e-01 2.616126221338539448e-01 1.381825837727045925e-01 1.302557014300312621e-01 8.014254511908747158e-02 2.055451581652349979e-01 2.181935491565050456e-01 1.623398836029445458e-01 1.190631036135181703e-01 1.631832770962074186e-01 1.276894416217037864e-01 1.382740697183742484e-01 2.002583922988153131e-01 1.998490246386159241e-01 2.046346597751156626e-01 2.188490521594221583e-01 2.653492492556097648e-01 2.084814023092127488e-01 1.806178790473692286e-01 7.715791636267899101e-02 2.350869460399050009e-02 1.611288081846436737e-01 1.907330992833747296e-01 2.004375016161639433e-01 1.737970510915429756e-01 2.291354418870540366e-01 1.247195792859682462e-01 1.114820542367171985e-01 5.939136870274910190e-02 2.007838885598337009e-01 1.954243670566404023e-01 2.963325886333774140e-01 1.912468804009475887e-01 9.880035582806613592e-02 7.824691886299905974e-02 1.016891093145194380e-01 1.533966539069876733e-01 1.441173431057332921e-01 1.921367779441296442e-01 1.856042933831040520e-01 2.055451581652349979e-01 1.996787343834487694e-01 1.594245082846618700e-01 9.551276671555536391e-02 2.088768005378257298e-01 1.804768400479662693e-01 2.074601858649743336e-01 1.714105618215072957e-01 1.960579542919683727e-01 1.440488144241952040e-01 1.592275593277009682e-01 1.433256935475532567e-01 7.211112416837543726e-02 2.956083189560950730e-01 2.404252413174420566e-01 1.769731492086984437e-01 4.346958624058878118e-01 1.936513099046437980e-01 2.223839195612558606e-01 1.552146438588126176e-01 2.091401450171064824e-01 2.420643107356608703e-01 1.912155544566564447e-01 1.063112113864068675e-01 2.014433019498247102e-01 9.151279873631595896e-02 2.934242791743733036e-01 1.552146438588126176e-01 1.161010874993768788e-01 2.074601858649743336e-01 2.109917555903460251e-01 1.582017223588823851e-01 1.635194009172225016e-01 1.647582695081969972e-01 1.799656222486966384e-01 1.771892509354554834e-01 1.826828600686470350e-01 1.940674733098963767e-01 1.856042933831040520e-01 2.375341688778656590e-01 1.625151484402117541e-01 1.804768400479662693e-01 1.708320675679120548e-01 1.782024854195877195e-01 2.262400642428106512e-01 1.801929664016597155e-01 1.906113568668573455e-01 1.509535229803788958e-01 2.840608569225275826e-01 2.264031178150714418e-01 2.038246842505495315e-01 1.373847951096154874e-01
